1000
0000
0100
0000
,
0010
0000
0001
0000
,
2000
0001
0001
3001
,
0002
1000
1000
1003
,
1000
0000
0010
0000
,
2000
0000
0000
3000
,
0001
0000
0100
0000
,
0002
0000
0000
0003
,
0001
0000
0001
1000
,
2002
0000
0000
3003
,
0100
0000
0000
0000
0100
0010
0100
0000
,
0220
0000
0000
0330
,
1000
0000
1000
0000
,
1000
0100
0010
0001
,
0001
0000
0001
0000
,
0001
0010
0100
1000
,
0110
0000
1001
0000
,
0100
0010
1000
0001
,
1001
0000
0110
0000
,
0001
1000
0010
0100
,
1000
0000
0100
0010
,
0002
1000
0100
0013
,
0001
0000
0010
0100
,
2000
0100
0010
3001
,
1000
0000
0100
0000
0010
0001
0000
0000
,
0010
0000
1000
0000
0001
0100
0000
0000
,
1001
0000
1000
0100
,
0010
0000
0001
0000
0100
0010
0220
0000
,
0330
0000
0000
0000
;